01234567898765432101234567898765432101234567898765
10123456789876543210123456789876543210123456789876
21012345678987654321012345678987654321012345678987
32101234567898765432101234567898765432101234567898
43210123456789876543210123456789876543210123456789
54321012345678987654321012345678987654321012345678
65432101234567898765432101234567898765432101234567
76543210123456789876543210123456789876543210123456
87654321012345678987654321012345678987654321012345
98765432101234567898765432101234567898765432101234
87654321012345678987654321012345678987654321012345
76543210123456789876543210123456789876543210123456
65432101234567898765432101234567898765432101234567
54321012345678987654321012345678987654321012345678
43210123456789876543210123456789876543210123456789
32101234567898765432101234567898765432101234567898
21012345678987654321012345678987654321012345678987
10123456789876543210123456789876543210123456789876
01234567898765432101234567898765432101234567898765
10123456789876543210123456789876543210123456789876
21012345678987654321012345678987654321012345678987
32101234567898765432101234567898765432101234567898
43210123456789876543210123456789876543210123456789
54321012345678987654321012345678987654321012345678
65432101234567898765432101234567898765432101234567
76543210123456789876543210123456789876543210123456
87654321012345678987654321012345678987654321012345
98765432101234567898765432101234567898765432101234
87654321012345678987654321012345678987654321012345
76543210123456789876543210123456789876543210123456
65432101234567898765432101234567898765432101234567
54321012345678987654321012345678987654321012345678
43210123456789876543210123456789876543210123456789
32101234567898765432101234567898765432101234567898
21012345678987654321012345678987654321012345678987
10123456789876543210123456789876543210123456789876
01234567898765432101234567898765432101234567898765
10123456789876543210123456789876543210123456789876
21012345678987654321012345678987654321012345678987
32101234567898765432101234567898765432101234567898
43210123456789876543210123456789876543210123456789
54321012345678987654321012345678987654321012345678
65432101234567898765432101234567898765432101234567
76543210123456789876543210123456789876543210123456
87654321012345678987654321012345678987654321012345
98765432101234567898765432101234567898765432101234
87654321012345678987654321012345678987654321012345
76543210123456789876543210123456789876543210123456
65432101234567898765432101234567898765432101234567
54321012345678987654321012345678987654321012345678
